club	1	1	1.0
il	26	26	1.0
id	1	1	1.0
gu	1	1	1.0
mz	2	2	1.0
voyage	1	1	1.0
td	1	1	1.0
ve	3	3	1.0
land	15	15	1.0
kiwi	1	1	1.0
uno	1	1	1.0
au	547	533	0.9744058
jobs	188278	181480	0.96389383
bs	98	93	0.9489796
bw	41	38	0.9268293
fm	664072	612642	0.9225536
om	88	81	0.92045456
bm	2736	2436	0.8903509
af	555	480	0.8648649
km	7	6	0.85714287
photography	296	251	0.847973
ba	4965	4206	0.8471299
dm	111	93	0.8378378
cm	2129	1777	0.83466417
ng	2943	2444	0.8304451
sx	1601	1327	0.82885695
rs	14328	11852	0.82719153
pl	361373	298026	0.82470465
hr	85216	69935	0.8206792
gt	144	116	0.8055556
no	152827	122999	0.80482507
bh	81	65	0.80246913
hn	888	705	0.7939189
pe	24861	19358	0.7786493
tel	419	320	0.76372313
bo	308	235	0.762987
va	46	35	0.76086956
cd	6070	4616	0.7604613
ly	278325	211478	0.7598239
cr	726	543	0.74793386
at	181154	133918	0.73924947
tn	425	312	0.7341176
eu	539169	392187	0.7273916
ma	2689	1934	0.7192265
se	277478	195704	0.70529556
tj	696	488	0.7011494
si	8094	5660	0.6992834
uy	79	55	0.6962025
as	2076	1435	0.69123316
vn	390506	268744	0.6881943
to	51438	34617	0.67298496
aw	48	32	0.6666667
cv	15	10	0.6666667
today	12	8	0.6666667
ar	147	98	0.6666667
ec	1152	767	0.6657986
mx	23249	15266	0.6566304
ms	16943	10987	0.6484684
re	2110	1368	0.64834124
pt	13587	8726	0.6422315
je	278	172	0.61870503
bf	47	29	0.61702126
es	159606	97738	0.6123705
ee	13978	8534	0.61053085
cl	30715	18583	0.60501385
am	85613	51729	0.60421896
ml	105	63	0.6
sm	40	24	0.6
net	16804996	9927220	0.5907303
mr	39	23	0.5897436
kg	478	280	0.58577406
ua	17585	10263	0.5836224
dk	221018	128685	0.58223766
ci	83	48	0.57831323
pk	14267	8236	0.57727623
name	15980	9217	0.5767835
ie	105798	60753	0.5742358
tv	471957	267912	0.5676619
co	277176	156676	0.5652582
ph	10992	6203	0.5643195
pm	192	108	0.5625
vg	912	512	0.5614035
my	8226	4565	0.55494773
coop	30524	16761	0.5491089
br	1258	686	0.54531
ge	12647	6870	0.5432118
cw	35	19	0.54285717
az	5055	2741	0.54223543
kz	6866	3715	0.54107195
cat	10060	5425	0.53926444
ao	13	7	0.53846157
uz	1099	585	0.5323021
qa	87	46	0.52873564
lt	18102	9453	0.5222075
com	207185169	107025110	0.51656747
sk	16557	8546	0.5161563
org	51354993	26455416	0.51514786
ad	51	26	0.50980395
bg	26497	13472	0.5084349
unknown	1974571234	1001139341	0.50701606
by	8121	4111	0.50621843
tl	333	168	0.5045045
la	8400	4217	0.5020238
pa	8	4	0.5
kp	4	2	0.5
ye	2	1	0.5
sz	2	1	0.5
mo	4	2	0.5
plumbing	6	3	0.5
cg	8	4	0.5
it	142219	71094	0.499891
hu	176279	87921	0.4987605
al	2237	1114	0.49798837
tk	14848	7355	0.49535292
md	7872	3853	0.4894563
bt	39	19	0.4871795
ca	1025177	497927	0.48569858
mil	3410	1654	0.485044
wf	79	38	0.48101267
lk	4557	2177	0.47772658
bb	53	25	0.4716981
cu	206	97	0.47087377
su	14757	6945	0.47062412
mg	67	31	0.46268657
ro	60993	27991	0.45892152
tm	85	39	0.45882353
ru	585616	268255	0.4580732
gr	32914	14923	0.4533937
lv	19409	8721	0.44932762
fo	434	195	0.44930875
fr	171480	75842	0.44227898
dj	33678	14887	0.4420393
tc	1437	631	0.43910927
edu	5074686	2208811	0.43526062
mn	3633	1572	0.43270025
ag	4619	1992	0.43126217
camera	7	3	0.42857143
vc	1237	530	0.42845595
sg	8918	3808	0.42700157
nl	171679	71942	0.4190495
ky	258	106	0.4108527
pro	8460	3468	0.40992907
iq	95	38	0.4
sv	15	6	0.4
kn	15	6	0.4
aero	2436	974	0.3998358
do	3707	1482	0.39978418
xxx	12180	4850	0.39819375
cz	61162	24055	0.39329976
in	181840	71362	0.3924439
sl	340	130	0.38235295
pn	225	85	0.37777779
mu	4473	1676	0.3746926
rw	115	43	0.37391305
na	94	35	0.3723404
ck	62	23	0.37096775
lu	3851	1378	0.35782912
ai	371	132	0.35579515
pw	2103	746	0.35473132
gov	2802874	984812	0.35135794
hm	20	7	0.35
so	3032	1061	0.34993404
nu	377308	131460	0.3484156
ac	1037	359	0.34619093
bz	5680	1960	0.34507042
info	1315362	452327	0.34388024
mobi	48222	16440	0.34092322
is	67791	22702	0.3348822
tf	850	283	0.33294117
de	976747	323350	0.33104786
be	137762	45540	0.3305701
cx	2576	849	0.32958075
nc	73	24	0.32876712
hk	3262	1052	0.32250154
biz	220087	69840	0.31732905
tg	35	11	0.31428573
mw	29	9	0.31034482
sa	117	36	0.30769232
ws	68977	21176	0.30700088
me	389197	118003	0.30319607
cc	265148	80053	0.30191818
tw	18739	5617	0.2997492
sn	196	58	0.29591838
jp	127114	37452	0.29463315
ht	75	22	0.29333332
travel	54618	15987	0.2927057
fi	56691	16525	0.29149246
cn	3370	978	0.2902077
ir	80488	23323	0.28976992
ch	161000	46529	0.289
ps	2100	602	0.28666666
mq	7	2	0.2857143
kr	3828	1092	0.28526646
gallery	436	121	0.27752292
ug	379	104	0.27440634
sd	119	32	0.26890758
eg	15	4	0.26666668
mk	5846	1557	0.26633596
vu	187	49	0.2620321
us	1289481	337239	0.26153082
holdings	4	1	0.25
io	67345	16773	0.24906081
sy	1059	258	0.24362606
gp	29	7	0.2413793
dz	108	26	0.24074075
asia	7990	1921	0.24042553
mp	96	23	0.23958333
nf	13	3	0.23076923
sr	65	15	0.23076923
pf	61	14	0.22950819
gm	1671	383	0.22920407
bi	136	30	0.22058824
jo	2069	442	0.21362977
mt	53	11	0.20754717
ae	17036	3506	0.20579949
mc	10	2	0.2
im	23705	4706	0.19852352
ga	52	10	0.1923077
guru	63	12	0.1904762
li	9938	1888	0.18997787
gy	380	69	0.18157895
aq	6	1	0.16666667
nr	30	5	0.16666667
fj	6	1	0.16666667
directory	13	2	0.15384616
mv	139	21	0.15107913
cf	27	4	0.14814815
sc	1160	168	0.14482759
gd	915	127	0.13879782
gg	753	102	0.13545817
int	155413	20941	0.1347442
museum	22373	3009	0.13449247
gl	1905	251	0.13175853
bj	8	1	0.125
yt	27	3	0.11111111
gs	5440	579	0.10643382
vi	959	96	0.10010427
ax	50	5	0.1
an	42	4	0.0952381
bike	47	4	0.08510638
clothing	12	1	0.083333336
tt	9943	796	0.080056325
gi	415	31	0.0746988
lc	155	8	0.051612902
uk	604	31	0.0513245
pr	2758	139	0.05039884
sh	54100	1531	0.028299445
st	1152554	4248	0.0036857275
zw	1	0	0.0
sexy	5	0	0.0
zm	1	0	0.0
za	2	0	0.0
photos	3	0	0.0
tp	1	0	0.0
th	3	0	0.0
kitchen	1	0	0.0
py	1	0	0.0
singles	1	0	0.0
et	2	0	0.0
gh	3	0	0.0
graphics	1	0	0.0
ne	1	0	0.0
ventures	2	0	0.0
ls	5	0	0.0
kw	8	0	0.0
technology	39	0	0.0
ki	2	0	0.0
